0,328,0,349,1,95.000000
723,652,736,654,1,89.999680
683,653,699,654,1,92.792427
664,244,677,256,1,33.296364
667,272,677,285,1,1.841370
664,300,677,312,1,11.742950
665,357,678,358,1,0.000000
665,387,679,399,1,0.000000
664,423,678,424,1,0.000000
665,468,679,501,1,0.000000
665,546,680,588,1,19.270256
658,591,679,675,1,15.391693
665,756,678,768,1,63.434746
596,765,616,786,1,68.888741
596,799,617,829,1,50.722527
584,815,621,833,1,48.245564
0,480,0,939,1,95.000000
551,523,555,529,1,58.919563
554,549,562,553,1,58.919563
537,573,562,597,1,45.253166
527,597,566,615,1,30.892502
537,615,562,622,1,38.441147
536,633,562,654,1,49.395454
527,654,566,672,1,25.211029
527,672,566,690,1,42.357277
536,682,562,718,1,42.910839
527,711,566,729,1,38.068855
536,747,554,768,1,36.899265
536,775,555,786,1,0.000000
537,795,553,804,1,32.737556
527,804,566,819,1,18.663795
536,819,555,832,1,49.193718
533,840,555,861,1,66.624115
527,861,566,879,1,54.892311
537,879,561,887,1,29.526581
539,897,552,906,1,39.747543
537,915,555,925,1,37.813492
537,933,555,943,1,19.739754
504,567,528,660,1,0.000000
505,669,522,672,1,0.000000
504,681,529,943,1,17.782555
495,890,533,920,1,0.000000
495,926,533,947,1,52.430962
472,567,497,641,1,49.146519
462,596,502,614,1,41.124798
462,614,502,635,1,44.729992
462,635,502,656,1,64.053139
462,656,502,671,1,55.034927
472,671,490,686,1,63.766602
472,692,491,710,1,13.562775
462,710,502,728,1,39.515343
472,728,497,736,1,22.939072
472,746,490,767,1,48.469204
462,767,502,785,1,46.746986
469,785,490,806,1,52.631042
462,806,502,821,1,48.399128
472,821,498,842,1,23.316704
462,842,502,863,1,52.562920
473,863,492,878,1,48.443890
472,889,498,899,1,48.369289
462,899,502,917,1,41.294933
474,917,498,925,1,43.039627
474,935,492,944,1,0.000000
441,567,459,596,1,81.895317
430,596,470,614,1,41.761913
440,614,465,623,1,42.067520
440,632,459,653,1,29.060913
430,653,470,671,1,52.485649
440,671,465,692,1,59.171608
440,699,459,710,1,52.074852
440,719,459,731,1,49.193390
439,737,459,749,1,37.290150
441,756,459,767,1,16.119995
440,775,466,785,1,0.000000
430,785,470,803,1,42.488579
440,803,459,824,1,77.707130
430,824,470,842,1,51.968788
441,842,466,851,1,40.546951
441,860,460,881,1,30.062225
441,888,460,899,1,45.255184
430,899,470,917,1,47.546288
442,917,460,925,1,54.012604
442,935,460,943,1,81.696022
414,568,426,584,1,17.012497
408,654,433,698,1,27.064644
408,756,434,831,1,7.755936
408,834,428,887,1,0.000000
407,924,428,945,1,0.000000
377,624,394,638,1,17.507736
376,698,401,735,1,39.661503
376,743,394,770,1,49.059708
376,803,395,827,1,22.834595
371,884,402,945,1,0.000000
344,583,346,585,1,63.886513
346,612,349,613,1,36.166748
334,630,374,684,1,0.000000
343,687,369,708,1,44.660454
344,708,362,729,1,25.048813
345,738,363,750,1,49.946487
344,757,362,768,1,52.848835
345,776,362,786,1,67.542953
344,796,362,807,1,56.758389
344,814,362,825,1,82.957428
345,833,362,846,1,49.528915
334,846,374,861,1,55.057030
345,861,363,869,1,52.310104
345,879,364,888,1,89.001976
346,897,370,918,1,35.399963
353,922,356,923,1,71.556480
346,933,363,944,1,34.617157
313,568,331,612,1,49.632496
302,594,342,615,1,50.637249
302,615,342,633,1,56.032692
323,643,330,654,1,86.681747
312,654,331,672,1,43.554516
313,676,330,690,1,67.793945
302,690,342,708,1,39.820435
312,708,337,729,1,81.570488
312,735,330,741,1,46.762558
312,747,330,768,1,53.761478
311,776,330,786,1,55.776669
312,795,338,807,1,34.688309
302,807,342,822,1,55.289627
313,822,331,831,1,63.977890
313,840,332,861,1,71.549141
302,861,342,882,1,14.594185
313,882,333,897,1,64.499802
315,909,332,918,1,0.000000
302,918,342,936,1,68.373825
314,936,333,944,1,43.973389
322,961,324,963,1,33.812317
297,550,301,552,1,92.939095
283,576,302,596,1,57.137150
281,597,306,615,1,23.274185
281,623,299,636,1,0.000000
265,636,310,654,1,23.106049
280,654,299,672,1,0.000000
265,672,310,684,1,26.455833
281,690,299,691,1,72.231926
281,705,306,729,1,73.996437
265,729,310,744,1,45.750767
280,744,297,750,1,16.776657
281,765,298,774,1,15.192352
273,783,299,804,1,23.400558
265,804,310,822,1,82.155106
269,822,306,843,1,54.936508
281,843,300,861,1,67.383957
265,861,310,879,1,61.500771
282,879,300,888,1,39.635925
282,897,301,906,1,32.399055
283,915,301,924,1,16.629990
271,927,301,943,1,22.824745
264,571,267,573,1,36.578175
235,597,279,612,1,56.905899
251,623,259,633,1,18.610924
257,633,264,640,1,65.923340
248,651,268,672,1,32.683411
249,680,267,690,1,58.419056
249,699,266,708,1,22.853821
248,712,266,716,1,32.886108
248,726,267,747,1,62.974602
235,747,279,765,1,0.000000
249,765,268,786,1,68.808189
256,795,260,799,1,52.515152
250,801,267,812,1,0.000000
250,816,275,843,1,0.000000
250,850,267,861,1,44.904209
235,861,279,876,1,50.981945
239,876,268,887,1,28.692894
250,897,269,918,1,51.544884
235,918,279,933,1,55.195717
251,933,269,944,1,61.958870
217,567,235,596,1,25.652725
209,596,248,614,1,45.811520
217,614,236,634,1,63.790352
216,635,236,641,1,58.300110
217,650,243,674,1,23.528122
232,674,235,675,1,29.082832
218,689,236,698,1,71.809044
217,704,235,715,1,45.146885
217,722,242,735,1,47.622608
217,746,236,767,1,0.000000
229,767,232,768,1,71.969162
218,785,236,786,1,87.519852
218,803,233,812,1,65.345512
221,815,235,817,1,64.245834
220,830,236,839,1,69.417358
219,839,236,860,1,92.053345
222,869,234,878,1,36.811298
239,878,244,882,1,76.071289
219,896,242,917,1,65.745087
209,917,248,935,1,69.031921
220,935,238,943,1,68.359810
186,586,203,600,1,0.000000
186,636,205,659,1,31.382057
185,684,210,708,1,46.451641
185,750,205,811,1,46.151356
187,813,212,867,1,0.000000
151,157,168,186,1,61.477577
145,186,184,204,1,46.815674
153,204,170,225,1,52.219524
145,225,184,240,1,42.667427
145,240,184,279,1,20.215042
156,279,179,287,1,70.944458
154,297,171,306,1,38.823097
155,315,171,336,1,58.988361
156,346,165,350,1,71.960434
155,357,169,372,1,37.311211
156,372,170,382,1,0.000000
153,549,165,551,1,88.203247
153,572,172,583,1,42.684486
155,593,172,603,1,44.126846
153,611,172,635,1,63.400246
153,641,172,653,1,46.917156
143,653,183,668,1,44.534908
153,668,172,689,1,53.416924
143,689,183,707,1,47.096691
153,707,172,716,1,18.186966
153,725,179,735,1,14.074547
502,657,503,658,1,95.000000
471,155,488,184,1,54.003998
461,184,499,202,1,68.189629
473,202,483,209,1,49.190388
470,220,495,241,1,55.752182
471,249,488,259,1,63.994213
471,269,482,280,1,50.361919
472,280,487,285,1,59.269543
474,295,488,309,1,0.000000
472,316,487,324,1,38.551846
472,334,488,344,1,37.161491
438,156,456,374,1,59.912624
440,384,464,496,1,57.218933
0,813,0,853,1,95.000000
