0,432,0,563,1,95.000000
511,169,530,199,1,29.491699
512,207,531,218,1,0.000000
513,228,534,239,1,50.503960
500,238,549,254,1,42.675438
513,253,543,279,1,41.113632
500,278,549,294,1,55.270023
514,293,533,316,1,53.846226
500,315,549,331,1,46.858524
504,330,533,355,1,23.154449
516,363,534,374,1,47.991619
500,373,549,392,1,53.365105
504,391,541,414,1,54.816952
517,421,535,432,1,56.834064
500,431,549,450,1,65.770638
517,449,535,472,1,88.853416
518,480,536,490,1,58.652554
500,489,549,508,1,36.054340
517,508,536,517,1,46.293671
518,526,537,537,1,71.750938
519,544,544,556,1,48.304958
479,169,498,205,1,0.000000
479,208,502,401,1,0.000000
518,590,538,860,1,53.819000
519,869,537,871,1,78.327316
519,889,538,899,1,33.530762
520,910,545,931,1,37.186092
520,940,540,949,1,54.944084
510,949,551,967,1,37.654175
521,967,547,976,1,34.382454
486,610,505,725,1,53.343094
478,639,519,660,1,69.905045
478,660,519,678,1,44.139591
478,678,519,696,1,65.656288
478,696,519,717,1,48.957863
478,717,519,729,1,2.514969
486,738,503,739,1,94.654663
486,756,515,777,1,51.882904
487,779,506,798,1,21.785057
487,805,505,816,1,45.393299
488,824,505,837,1,54.419922
488,837,506,855,1,34.604744
488,863,504,873,1,55.783783
490,873,505,879,1,52.489071
488,891,505,911,1,8.051155
488,912,506,919,1,47.761288
488,927,514,930,1,69.773727
488,948,507,958,1,76.222946
489,966,507,976,1,15.809433
447,202,465,226,1,56.704536
447,234,466,246,1,48.070797
448,258,466,277,1,37.868847
437,279,467,305,1,32.068832
450,306,467,336,1,0.000000
433,336,480,354,1,45.704288
450,354,468,375,1,58.936562
451,375,467,389,1,42.465698
451,393,466,408,1,37.237282
451,411,476,435,1,42.612808
433,435,480,453,1,30.210022
452,462,470,485,1,33.323578
433,483,480,489,1,57.305649
453,590,478,977,1,50.691406
415,191,441,286,1,64.044899
402,220,448,241,1,30.065552
402,241,448,256,1,42.623810
402,256,448,280,1,49.778439
402,280,448,292,1,57.008076
416,298,434,299,1,92.001961
417,316,435,337,1,58.939331
417,351,422,353,1,45.802402
417,355,435,376,1,0.000000
419,384,436,394,1,47.768402
418,404,437,415,1,6.604301
418,423,437,433,1,74.850357
406,442,437,454,1,60.816509
440,454,444,460,1,34.291397
419,472,437,480,1,41.725700
420,502,438,514,1,40.386086
402,514,448,529,1,33.656708
421,529,438,538,1,14.145668
421,591,439,623,1,51.691036
423,630,438,640,1,45.522652
421,641,439,648,1,0.000000
421,659,439,680,1,67.232811
423,688,439,698,1,45.400307
422,707,440,719,1,74.033722
413,719,453,731,1,24.866707
422,731,439,743,1,84.579895
423,749,440,776,1,26.377922
422,776,439,783,1,52.402264
423,794,441,815,1,39.259117
423,824,440,842,1,67.002785
423,845,448,861,1,10.667610
423,872,441,893,1,49.582489
424,901,442,911,1,43.305229
423,921,443,932,1,52.674133
413,932,453,953,1,41.416191
423,953,443,968,1,39.534065
413,968,453,980,1,35.225105
382,191,401,220,1,43.769344
383,230,400,236,1,54.910942
383,241,408,259,1,55.794891
374,259,416,277,1,0.000000
382,277,401,298,1,42.735909
383,306,403,319,1,13.056656
374,319,416,334,1,67.030624
384,334,403,355,1,61.954498
374,355,416,373,1,49.530968
385,373,404,397,1,61.143074
374,397,416,412,1,57.737041
385,412,404,422,1,48.952179
386,433,412,454,1,70.348404
386,463,404,469,1,74.160553
374,469,416,478,1,91.621742
393,495,395,498,1,63.230122
388,591,406,608,1,39.812180
388,620,406,641,1,67.902512
388,650,407,662,1,46.256653
390,670,407,680,1,61.752750
380,680,421,698,1,58.727512
389,698,407,707,1,28.359886
390,716,407,727,1,42.540962
389,737,408,758,1,35.117676
390,766,408,779,1,40.889915
390,786,415,797,1,53.353775
380,797,421,815,1,70.861786
389,815,409,836,1,44.428753
380,836,421,854,1,58.099892
390,854,408,875,1,24.396057
391,882,409,893,1,30.734566
380,893,421,911,1,58.792870
391,911,409,932,1,33.868515
380,932,421,950,1,45.018326
392,950,417,959,1,37.736427
392,968,411,977,1,45.150967
348,173,367,201,1,35.379913
344,196,388,208,1,90.292473
348,220,368,241,1,74.247032
350,251,375,262,1,9.744385
344,262,388,277,1,37.779064
350,277,369,301,1,47.304478
344,301,388,316,1,56.914696
350,316,370,340,1,52.300014
344,340,388,358,1,40.972443
350,358,370,370,1,44.421196
344,373,388,379,1,0.000000
354,397,369,404,1,22.875862
352,415,370,424,1,26.204292
352,433,371,454,1,61.694622
352,464,371,475,1,54.128075
353,483,372,496,1,35.050659
354,504,372,514,1,58.370300
354,522,379,532,1,51.682926
353,541,372,553,1,44.738445
344,553,388,568,1,57.584961
344,577,388,583,1,93.709572
356,601,375,622,1,18.837463
344,622,388,637,1,20.377441
356,637,374,648,1,85.587318
356,655,382,682,1,31.510979
356,689,375,700,1,24.744385
344,700,388,718,1,27.817200
357,718,375,727,1,49.005909
359,736,374,746,1,53.676346
357,754,374,766,1,0.000000
358,775,375,784,1,0.000000
358,796,376,805,1,45.935093
358,814,377,835,1,50.239025
344,835,388,853,1,53.746582
358,853,377,874,1,20.167351
344,874,388,892,1,58.968346
359,892,384,913,1,37.670635
344,913,388,931,1,61.346603
359,931,377,940,1,0.000000
360,949,378,959,1,42.224342
361,967,377,978,1,46.970005
315,173,334,189,1,18.428513
316,199,335,223,1,30.114014
317,231,335,241,1,54.125439
311,241,356,259,1,51.580505
317,259,342,269,1,69.787399
317,277,334,292,1,40.708969
317,295,336,319,1,0.000000
318,327,336,337,1,55.446648
311,337,356,355,1,63.894917
318,355,336,365,1,45.587074
318,376,344,397,1,1.222672
320,406,338,418,1,64.441597
311,418,356,430,1,75.087456
311,430,356,448,1,56.691570
321,465,338,475,1,0.000000
320,484,339,496,1,62.253403
311,496,356,511,1,56.180759
320,511,347,535,1,65.226509
321,542,339,556,1,52.562328
311,556,356,571,1,57.057243
311,571,356,583,1,88.699753
322,601,341,622,1,47.574287
323,632,342,643,1,48.757027
323,652,342,664,1,79.784302
325,670,340,688,1,48.970646
323,690,342,707,1,42.927780
324,718,343,739,1,32.870750
311,739,356,757,1,65.851547
324,757,350,778,1,61.423676
311,778,356,796,1,52.713623
328,796,344,817,1,50.438637
326,825,343,835,1,5.563248
311,835,356,853,1,55.902977
327,853,344,874,1,36.087227
327,884,344,895,1,70.003197
327,903,352,913,1,48.122349
326,922,345,934,1,37.657490
311,934,356,952,1,52.788086
328,952,345,960,1,1.260948
327,970,346,979,1,19.917664
283,173,301,190,1,76.426804
279,202,301,223,1,33.453308
275,223,314,241,1,54.160614
284,241,301,250,1,34.579674
284,259,302,268,1,28.164436
284,280,302,298,1,54.814545
275,298,314,319,1,84.100182
284,319,310,340,1,66.492844
286,347,303,361,1,69.850250
275,361,314,376,1,42.677803
285,376,304,397,1,53.013615
275,397,314,415,1,62.985802
286,415,304,436,1,58.454369
287,445,304,454,1,35.255547
287,454,306,463,1,43.039757
287,472,305,482,1,19.689445
287,493,307,514,1,51.096111
288,522,306,532,1,40.513138
275,532,314,550,1,58.103188
289,550,307,560,1,42.400803
290,593,308,611,1,68.587738
291,622,307,643,1,62.097530
291,652,309,664,1,58.937801
291,671,310,682,1,81.751015
292,690,310,700,1,40.747055
292,710,310,721,1,56.885643
292,728,317,739,1,36.991825
296,748,306,756,1,55.636665
292,760,310,766,1,71.106697
293,778,310,779,1,93.972633
293,796,312,817,1,39.359821
294,825,312,838,1,69.869064
283,838,323,853,1,55.186203
295,853,319,863,1,63.821262
301,874,304,877,1,89.637245
249,174,276,307,1,2.319031
245,239,290,254,1,37.368084
245,278,290,299,1,60.545612
245,299,290,311,1,68.685867
252,324,269,430,1,21.637093
257,439,270,495,1,62.513756
256,516,273,525,1,77.827477
252,524,273,560,1,40.580032
245,554,290,572,1,49.154381
245,572,290,581,1,84.747765
257,599,275,610,1,9.800446
257,623,276,632,1,62.416538
257,641,277,662,1,48.038300
258,672,277,680,1,51.345348
263,681,272,689,1,52.457699
259,701,277,722,1,32.745201
259,730,278,740,1,58.437195
245,740,290,758,1,0.000000
259,758,278,779,1,49.895737
245,779,290,797,1,20.799683
261,797,279,818,1,57.992775
261,827,286,839,1,56.003716
245,839,290,854,1,0.000000
261,854,280,878,1,30.356537
245,878,290,893,1,15.150490
262,893,280,903,1,57.153938
261,914,280,935,1,47.040733
261,943,280,953,1,16.249924
245,953,290,971,1,53.463268
262,971,280,979,1,41.573029
219,174,244,258,1,57.025963
214,203,259,224,1,57.320484
214,224,259,242,1,0.000000
214,242,259,257,1,84.075195
214,257,259,266,1,93.286835
220,281,238,298,1,43.459015
218,299,238,320,1,65.507713
214,320,259,338,1,44.491203
220,338,238,359,1,39.413662
214,359,259,377,1,53.964710
221,377,239,398,1,64.508911
221,407,240,419,1,47.217945
223,427,239,437,1,39.332809
214,437,259,455,1,50.667072
222,455,240,464,1,39.859322
223,473,241,483,1,45.861187
223,494,240,503,1,57.518990
223,512,248,522,1,66.245316
223,533,241,554,1,28.049721
214,554,259,566,1,63.269699
214,578,259,584,1,77.586281
224,602,243,626,1,45.554180
214,626,259,644,1,59.853027
233,644,235,662,1,89.227142
226,672,244,683,1,95.393372
228,696,232,698,1,49.897610
228,701,243,710,1,51.944847
227,730,246,740,1,46.905117
227,740,246,761,1,46.452423
214,761,259,779,1,39.368820
236,779,243,797,1,96.403152
229,808,247,818,1,95.078423
239,818,242,820,1,54.975563
228,836,255,857,1,36.976360
229,866,246,878,1,57.591850
214,878,259,890,1,53.240311
229,890,247,895,1,94.161774
228,902,247,926,1,73.121246
229,927,247,944,1,38.797600
214,944,259,962,1,52.987865
228,962,247,971,1,54.312477
229,972,247,978,1,66.759415
187,175,205,193,1,50.094074
187,204,206,213,1,48.274124
187,222,206,243,1,53.436623
177,243,222,261,1,37.835575
188,261,212,270,1,70.147453
184,577,223,981,1,16.976151
180,841,230,877,1,42.137966
160,176,170,179,1,73.715073
158,264,172,278,1,30.845253
158,302,172,307,1,23.277603
158,332,173,337,1,30.904114
159,362,172,367,1,20.885353
151,386,180,395,1,49.243717
160,404,174,419,1,20.726112
155,420,174,442,1,54.443184
151,443,180,452,1,49.508327
161,464,175,473,1,40.956707
162,476,175,486,1,60.595566
162,491,176,502,1,43.230900
162,519,177,547,1,57.041824
163,564,177,572,1,8.568085
164,594,178,622,1,32.581413
167,794,181,797,1,95.298210
0,643,0,693,1,95.000000
453,529,470,556,1,66.525909
443,543,474,558,1,47.042389
421,520,438,557,1,0.000000
