8302698
3728398
3083707
3017244
2588626
2508086
2265802
2249248
1939038
1835410
1735712
1484873
1459824
1441611
1414057
1410167
1390372
1383908
1371195
1233633
1122933
1109652
1104141
1088033
1068947
1046455
1035711
1024324
975124
953481
929477
923479
899185
896623
890602
889089
882946
873080
856439
825031
805928
799450
787003
768948
757975
753470
746931
727218
705736
703578
702060
693796
693612
688510
684994
642830
631677
628955
625527
624014
623602
620223
588952
586444
580331
578867
570839
566108
563056
552432
551130
549803
549739
547305
540353
534113
532100
531549
527805
527717
523853
522612
519314
519121
518324
515931
515814
513236
509513
509223
502905
500323
499259
498753
494388
492220
488294
482203
481058
479545
478175
474686
469765
460452
460190
448443
447628
445304
443507
438969
435608
431242
427091
426998
424214
419841
418927
414092
413400
413102
407619
405217
401885
399162
396728
395169
393026
385159
381751
381706
379946
375260
375219
368194
365620
361407
360898
354595
352358
349622
348479
347175
343849
342645
338479
336945
335956
335844
335119
334320
332554
330336
328999
328932
327320
325324
322946
321661
321344
319368
318371
317670
313299
312656
311761
308020
305035
304812
303568
300824
298988
298920
297232
297094
295989
295871
294716
294358
294066
294052
292879
292046
292023
288975
288423
287471
286526
285956
285612
284064
283242
277715
276586
275376
273447
272759
272529
271915
268157
265435
262935
261360
261223
261011
260992
260759
260074
260027
259794
259572
258777
258770
258367
257687
257683
255280
253700
252921
252553
251400
251121
250213
249950
248531
247884
247861
247684
246354
246018
245501
244389
243171
241664
241482
240679
240668
240301
239668
239284
234961
231929
231643
230429
230248
229502
228659
225020
224342
224311
223847
223405
222693
222207
221448
219756
219138
218668
217947
217439
217392
214873
214355
214198
213780
212384
212169
212038
211868
210778
210062
209335
208509
208335
206564
206493
206487
205316
204611
203558
203142
202678
202523
202054
201464
200525
200169
199953
198653
193925
193691
192766
192572
192395
192218
189740
189200
188730
188078
187864
187718
187270
186928
186675
185512
185402
184741
184103
183990
183411
182781
182450
181974
180844
180714
180685
180461
178066
177842
177387
176625
176594
175390
175349
175241
175235
174391
173440
173343
170831
170486
169857
169310
168843
168593
168547
168497
168283
166785
165989
165868
165610
164342
164070
163761
162950
162560
162385
162249
161665
161057
160760
160137
159351
159273
158915
158901
158808
158751
158364
158275
157253
156903
155766
155534
153140
152267
152207
151297
150676
150235
149484
149419
149163
149126
149119
149072
148885
148762
148597
148088
147670
147649
147204
146272
145952
145903
145517
145485
145235
145084
144959
144832
144516
143708
142927
142025
141519
141400
140739
140280
140246
140065
140033
139314
138224
137856
137677
137470
137184
136418
136149
135005
134616
133031
133010
132704
132664
132403
131938
131828
131534
131375
131223
130994
130675
130487
130467
130084
127543
127053
126942
126488
126279
126258
126209
126192
125984
125880
125752
125605
125039
124986
124363
123904
123872
123742
123653
123566
123501
123453
122803
122554
122494
121931
121890
121847
121804
121400
121221
121209
121133
121012
120475
120181
119499
119441
118224
118171
117952
117502
117388
117385
117379
117184
117112
116992
116823
116306
116132
116040
114901
114515
114377
114302
114237
114128
114068
113874
113416
113334
113321
113227
113092
113000
112533
112052
112037
111293
110849
110496
110468
110170
109832
109736
109581
109496
109401
109382
109081
108523
108480
108394
107995
107977
107929
107275
107058
106543
106256
106109
106046
105897
105715
105636
105318
105205
105003
104759
104662
104319
104197
103476
103451
103227
103168
103078
102821
102713
102471
102343
102118
101498
101492
101308
101111
101059
100384
100347
99656
99524
99064
98897
98265
98067
97994
97912
97833
97572
97430
97336
97074
96907
96845
96769
96594
96441
95872
95753
95456
95363
95330
95252
95141
95115
95051
94803
94730
94594
94466
94457
94248
94067
93966
93806
93586
93448
93431
93177
93127
93100
93032
93007
92849
92835
92733
92283
92137
92010
91994
91782
91754
91710
91643
91597
91451
91121
90904
90886
90620
90299
90104
89668
89639
89521
89473
89368
89240
89179
89161
88691
88676
88382
88363
88032
87916
87897
87532
87280
87185
87141
86770
86267
86160
86131
85765
85757
85679
85662
85638
85583
85433
85381
85224
85162
85047
84989
84730
84712
84667
84607
84297
83697
83533
83502
83453
83421
83408
83385
83384
83372
83126
83096
82857
82585
82496
82408
82330
82231
81781
81725
81535
81453
81313
81200
81125
80592
80450
80408
80276
80228
80095
79917
79801
79657
79652
79516
79476
79379
78608
78598
78538
78490
78482
78334
78170
78154
77815
77345
76839
76429
76288
76144
76034
75996
75848
75783
75709
75599
75414
75297
75166
75014
74865
74780
74591
74506
74449
74399
74259
74246
74233
74090
73904
73739
73675
73618
73360
73291
73229
73214
73018
72958
72924
72505
72439
72333
72043
71681
71486
71345
71036
70907
70813
70497
70486
70320
70311
70176
70061
70033
69927
69852
69784
69735
69587
69580
69484
69404
69141
69027
68966
68762
68749
68727
68598
68530
68343
68172
67607
67548
67528
67364
67228
67196
67117
67056
67045
67039
66824
66677
66495
66493
66454
66322
66297
66277
66236
66232
66213
66067
66060
65998
65901
65783
65716
65689
65663
65647
65178
65172
65110
65007
64987
64917
64833
64786
64625
64408
64379
64257
64255
64079
64048
63798
63769
63745
63573
63498
63402
63277
63246
63227
62876
62338
62313
62292
62223
62004
61803
61654
61546
61461
61198
61155
60974
60950
60858
60827
60786
60768
60572
60537
59867
59641
59528
59361
59235
59217
59198
59127
59099
58940
58901
58898
58870
58857
58789
58737
58626
58420
58393
58359
58299
58200
58066
57907
57842
57624
57582
57567
57494
57243
57060
57030
56964
56947
56757
56743
56706
56557
56386
56341
56300
56175
55916
55854
55491
55452
55298
55198
54795
54785
54505
54351
54188
54136
54101
54089
54063
54054
54039
53895
53857
53807
53728
53712
53473
53253
53152
53009
52905
52884
52783
52779
52727
52668
52659
52647
52639
52578
52572
52386
52361
52093
52078
52005
51895
51821
51742
51704
51559
51451
51368
51334
51279
51276
51244
51150
51038
51025
50885
50872
50805
50703
50661
50584
50563
50515
50423
50208
49944
49867
49457
49352
49319
49239
49221
49215
49213
48982
48879
48846
48828
48728
48649
48343
48337
48330
48257
48191
48017
48009
47865
47844
47809
47756
47721
47698
47612
47540
47500
47413
47345
47325
47104
46947
46795
46679
46675
46650
46637
46625
46610
46573
46560
46539
46403
46203
46143
46131
46048
46023
45968
45873
45763
45756
45754
45711
45697
45649
45646
45569
45556
45544
45376
45348
45347
45242
45175
45003
44970
44962
44939
44930
44899
44814
44794
44665
44657
44650
44212
44198
44187
44145
44130
44126
44038
43937
43847
43812
43761
43758
43756
43747
43742
43736
43677
43376
43292
43239
43006
42815
42782
42672
42644
42605
42587
42392
42322
42160
42138
41974
41850
41838
41816
41698
41513
41389
41322
41276
41269
41188
41125
41074
41050
40928
40819
40813
40662
40481
40394
40270
40216
40197
40183
40124
39884
39880
39774
39768
39735
39685
39671
39634
39476
39447
39426
39299
39147
39073
38993
38990
38979
38890
38876
38763
38744
38576
38438
38382
38361
38306
38193
38166
38145
38127
38117
38078
38007
37985
37844
37754
37733
37702
37654
37499
37449
37399
37391
37366
37247
37187
37186
37125
37084
37051
37019
36991
36914
36871
36858
36648
36585
36563
36478
36374
36321
36304
36182
35907
35846
35647
35430
35358
35248
35243
35215
35119
35091
34976
34895
34871
34749
34684
34597
34563
34555
34531
34528
34444
34415
34410
34372
34303
34198
34172
34010
34007
33986
33984
33850
33763
33711
33705
33622
33612
33584
33548
33544
33442
33395
33321
33283
33257
33231
33112
33053
33034
32989
32953
32876
32749
32681
32636
32610
32573
32555
32530
32483
32454
32453
32431
32403
32401
32391
32386
32362
32243
32210
32192
32183
32176
32152
32122
32058
32011
31954
31945
31942
31940
31846
31763
31758
31757
31746
31669
31661
31657
31613
31530
31481
31433
31413
31400
31385
31349
31250
31216
31165
31107
30911
30815
30776
30745
30622
30580
30407
30406
30309
30301
30296
30275
30224
30158
30154
30087
30065
30016
29968
29900
29863
29820
29803
29788
29744
29707
29666
29658
29604
29584
29505
29404
29376
29247
29152
29135
29106
29078
28990
28958
28947
28873
28862
28860
28846
28828
28819
28803
28781
28686
28681
28659
28634
28602
28594
28493
28473
28464
28446
28429
28335
28271
28236
28216
28200
28188
28181
28153
28063
28043
28020
27971
27846
27834
27701
27690
27654
27650
27632
27618
27564
27564
27541
27533
27530
27507
27504
27490
27440
27401
27318
27304
27287
27270
27255
27206
27189
27161
27069
27061
27037
27027
27021
26969
26893
26889
26870
26770
26699
26635
26632
26631
26616
26605
26555
26532
26528
26525
26460
26406
26330
26286
26254
26250
26228
26224
26173
26171
26124
26118
26103
26079
26077
26044
26030
25999
25981
25910
25856
25856
25845
25779
25725
25641
25610
25608
25577
25501
25493
25467
25456
25398
25311
25275
25264
25191
24971
24953
24913
24893
24813
24682
24549
24537
24537
24519
24457
24452
24425
24402
24370
24360
24356
24286
24220
24202
24195
24184
24080
24066
24040
24035
23941
23934
23869
23837
23836
23813
23763
23713
23696
23630
23625
23607
23593
23405
23403
23384
23378
23373
23351
23317
23314
23279
23243
23219
23214
23174
23138
23108
23005
22996
22979
22944
22906
22877
22870
22866
22830
22812
22774
22756
22703
22631
22582
22539
22539
22498
22474
22472
22469
22418
22400
22359
22325
22314
22311
22307
22258
22240
22169
22151
22150
22143
22110
22073
22070
22032
22023
22005
21994
21990
21989
21959
21948
21936
21890
21864
21830
21790
21763
21720
21709
21673
21562
21464
21436
21320
21309
21308
21288
21232
21217
21189
21180
21115
21101
21075
21067
20995
20981
20911
20884
20877
20854
20804
20791
20768
20756
20755
20754
20712
20702
20697
20683
20651
20641
20636
20634
20629
20612
20552
20548
20528
20523
20499
20478
20460
20437
20426
20384
20370
20364
20333
20310
20304
20266
20252
20252
20219
20143
20096
20088
20069
20067
20033
20006
19994
19983
19981
19922
19914
19865
19733
19722
19706
19644
19543
19524
19514
19425
19417
19414
19413
19384
19367
19357
19314
19300
19290
19276
19274
19262
19244
19240
19235
19150
19127
19055
19031
19030
19010
18979
18976
18961
18951
18944
18908
18898
18897
18894
18885
18852
18830
18824
18768
18747
18710
18703
18678
18567
18556
18546
18511
18499
18459
18438
18437
18415
18374
18350
18329
18297
18294
18286
18265
18245
18238
18238
18190
18173
18164
18142
18081
18023
18018
17995
17978
17945
17870
17847
17837
17817
17784
17767
17762
17729
17721
17704
17670
17668
17641
17617
17608
17581
17568
17559
17543
17538
17507
17486
17467
17425
17397
17351
17350
17350
17338
17317
17281
17265
17252
17237
17235
17229
17227
17217
17194
17190
17149
17147
17143
17127
17106
17095
17073
17062
17047
17038
17001
16993
16971
16966
16918
16868
16845
16812
16811
16808
16807
16794
16780
16772
16763
16758
16746
16738
16717
16651
16635
16631
16608
16604
16604
16597
16586
16558
16557
16550
16548
16536
16529
16514
16499
16462
16461
16447
16446
16408
16380
16337
16320
16299
16297
16266
16263
16213
16195
16179
16168
16144
16101
16061
16054
16030
16016
16011
16005
16005
15940
15931
15899
15894
15863
15862
15858
15830
15807
15791
15739
15727
15717
15674
15664
15626
15621
15595
15595
15581
15572
15565
15537
15520
15504
15499
15491
15466
15453
15449
15445
15432
15397
15392
15375
15362
15361
15326
15313
15303
15280
15273
15243
15231
15190
15190
15181
15178
15148
15131
15124
15123
15109
15099
15097
15096
15081
15072
15049
15037
14960
14911
14894
14894
14854
14837
14809
14808
14806
14766
14713
14701
14701
14671
14648
14635
14630
14623
14621
14608
14595
14592
14573
14506
14500
14499
14480
14468
14450
14432
14426
14418
14398
14394
14385
14384
14332
14319
14234
14179
14173
14158
14139
14123
14123
14115
14095
14083
14076
14076
14059
14051
14044
14039
14035
14018
14012
14011
13951
13935
13933
13926
13918
13910
13898
13865
13827
13822
13796
13776
13774
13767
13752
13750
13737
13722
13670
13666
13619
13612
13599
13581
13577
13572
13568
13553
13546
13540
13538
13525
13500
13483
13465
13446
13444
13426
13424
13419
13416
13403
13362
13339
13331
13324
13322
13293
13288
13262
13217
13211
13195
13190
13155
13143
13137
13131
13127
13071
13067
13060
13055
13052
13030
13027
13019
12995
12944
12941
12937
12909
12868
12859
12850
12850
12838
12837
12819
12804
12779
12742
12725
12706
12684
12670
12669
12646
12617
12599
12595
12575
12571
12569
12555
12544
12541
12539
12531
12489
12463
12443
12438
12429
12405
12383
12354
12348
12325
12307
12301
12278
12267
12218
12214
12204
12171
12170
12158
12145
12136
12124
12114
12056
12039
12022
11995
11966
11965
11964
11952
11946
11941
11915
11908
11899
11884
11869
11837
11825
11810
11768
11761
11752
11750
11740
11715
11712
11685
11677
11668
11643
11617
11588
11570
11565
11564
11557
11557
11542
11537
11517
11512
11456
11442
11441
11416
11398
11369
11360
11359
11354
11344
11292
11289
11268
11250
11234
11232
11230
11219
11215
11210
11194
11160
11150
11142
11139
11083
11072
11063
11054
11054
11040
11038
11038
11011
11007
10990
10990
10958
10934
10915
10892
10881
10879
10871
10870
10866
10822
10822
10816
10813
10806
10766
10765
10757
10724
10702
10687
10659
10645
10635
10632
10631
10623
10618
10610
10603
10580
10567
10558
10554
10530
10506
10495
10471
10469
10460
10443
10422
10417
10412
10405
10401
10396
10393
10389
10368
10363
10354
10347
10340
10301
10301
10286
10261
10256
10203
10155
10146
10132
10130
10112
10109
10101
10100
10100
10077
10030
10029
10021
10010
10001
9997
9994
9990
9986
9952
9926
9923
9921
9920
9889
9873
9856
9845
9830
9808
9723
9688
9673
9672
9669
9666
9636
9632
9632
9623
9622
9611
9604
9599
9597
9595
9566
9563
9562
9558
9557
9549
9547
9517
9505
9505
9498
9471
9432
9429
9426
9418
9407
9390
9380
9350
9338
9324
9320
9318
9309
9292
9292
9279
9273
9244
9243
9241
9241
9239
9231
9231
9230
9214
9212
9182
9175
9174
9173
9160
9150
9131
9117
9111
9096
9085
9084
9080
9063
9057
9056
9043
9018
9016
9010
9008
9006
9000
8973
8971
8945
8928
8923
8919
8917
8872
8860
8857
8853
8837
8834
8827
8818
8808
8797
8794
8778
8766
8758
8753
8751
8750
8744
8731
8706
8693
8684
8680
8679
8672
8663
8634
8604
8603
8591
8589
8574
8561
8548
8537
8499
8498
8485
8467
8464
8455
8444
8440
8433
8410
8407
8397
8390
8380
8379
8372
8363
8362
8358
8350
8348
8307
8303
8293
8291
8290
8279
8255
8250
8231
8217
8212
8206
8200
8197
8196
8182
8174
8160
8157
8128
8124
8116
8115
8110
8110
8101
8100
8096
8087
8058
8041
8018
8008
8001
7999
7982
7974
7958
7958
7956
7935
7932
7903
7901
7900
7888
7885
7877
7868
7862
7855
7848
7843
7833
7828
7799
7789
7777
7776
7774
7771
7748
7743
7739
7732
7721
7713
7707
7691
7664
7645
7636
7635
7635
7622
7619
7607
7602
7596
7590
7585
7575
7574
7566
7540
7532
7529
7521
7514
7512
7509
7504
7496
7481
7464
7462
7449
7445
7433
7412
7403
7400
7396
7394
7393
7384
7383
7377
7366
7339
7337
7336
7310
7308
7300
7289
7284
7282
7280
7276
7271
7270
7267
7243
7236
7233
7229
7212
7205
7198
7197
7196
7195
7190
7156
7149
7141
7141
7134
7120
7112
7101
7092
7088
7087
7086
7057
7054
7037
7021
7020
7013
7007
7006
6996
6995
6988
6987
6978
6972
6961
6960
6940
6939
6935
6922
6910
6907
6906
6905
6899
6899
6891
6889
6879
6873
6868
6864
6855
6847
6842
6841
6838
6837
6831
6828
6823
6817
6817
6809
6797
6792
6789
6770
6765
6747
6744
6743
6741
6738
6730
6727
6722
6705
6705
6690
6683
6682
6662
6659
6647
6643
6640
6640
6628
6612
6609
6606
6603
6579
6573
6565
6559
6542
6542
6540
6528
6525
6503
6494
6463
6455
6453
6433
6421
6420
6414
6405
6403
6401
6398
6382
6378
6372
6351
6347
6342
6317
6307
6302
6297
6292
6281
6263
6259
6249
6243
6234
6225
6223
6223
6214
6198
6195
6177
6165
6156
6135
6130
6129
6124
6123
6122
6111
6096
6094
6093
6086
6083
6080
6058
6046
6041
6034
6031
6013
5993
5988
5982
5982
5978
5978
5976
5969
5965
5964
5943
5940
5932
5923
5919
5914
5911
5910
5905
5899
5895
5875
5871
5870
5864
5857
5848
5838
5836
5833
5831
5820
5815
5808
5776
5768
5766
5752
5741
5740
5734
5730
5729
5716
5713
5711
5703
5702
5689
5670
5657
5650
5650
5648
5647
5645
5642
5641
5632
5631
5627
5626
5612
5604
5601
5600
5595
5589
5586
5583
5558
5557
5555
5532
5525
5522
5521
5518
5517
5501
5495
5495
5494
5492
5490
5486
5485
5481
5476
5475
5474
5452
5448
5445
5438
5435
5434
5430
5414
5412
5409
5407
5390
5388
5380
5378
5370
5362
5356
5355
5354
5347
5343
5332
5328
5328
5321
5298
5288
5287
5276
5273
5267
5250
5244
5242
5236
5219
5218
5204
5202
5192
5188
5172
5160
5158
5158
5154
5150
5147
5143
5142
5128
5117
5112
5111
5109
5086
5080
5073
5061
5051
5050
5038
5036
5026
5016
5014
5014
5014
5011
5010
4991
4984
4977
4966
4961
4956
4952
4950
4942
4933
4930
4929
4929
4924
4912
4909
4907
4907
4905
4901
4898
4871
4870
4866
4854
4848
4846
4845
4836
4835
4830
4821
4819
4817
4811
4806
4802
4801
4799
4786
4778
4772
4760
4757
4748
4746
4742
4741
4738
4736
4733
4728
4707
4699
4697
4694
4684
4682
4681
4679
4676
4674
4669
4667
4652
4649
4642
4641
4641
4637
4637
4635
4633
4626
4624
4621
4621
4618
4611
4608
4607
4603
4598
4597
4596
4590
4589
4588
4576
4558
4556
4554
4532
4531
4518
4504
4503
4502
4499
4499
4495
4478
4478
4478
4475
4474
4471
4467
4461
4457
4438
4436
4435
4420
4408
4394
4392
4388
4385
4384
4379
4377
4358
4354
4353
4351
4345
4343
4342
4341
4341
4338
4336
4335
4322
4319
4314
4307
4302
4300
4292
4286
4283
4282
4280
4274
4267
4259
4247
4245
4245
4244
4243
4242
4232
4231
4229
4227
4226
4216
4216
4213
4212
4210
4204
4202
4200
4199
4197
4192
4188
4182
4181
4178
4167
4165
4160
4158
4155
4154
4152
4151
4146
4132
4114
4112
4111
4107
4107
4105
4086
4084
4081
4072
4072
4071
4069
4068
4064
4058
4057
4057
4049
4043
4040
4022
4021
4019
4013
4004
3990
3990
3990
3983
3980
3972
3969
3959
3952
3951
3945
3938
3935
3934
3920
3916
3913
3912
3909
3909
3905
3902
3895
3887
3886
3885
3879
3879
3877
3868
3868
3865
3859
3859
3857
3856
3850
3847
3846
3845
3841
3839
3836
3836
3834
3834
3828
3826
3823
3822
3818
3813
3805
3800
3798
3795
3791
3787
3782
3760
3754
3747
3742
3733
3732
3731
3727
3724
3724
3722
3721
3718
3718
3716
3716
3711
3705
3695
3694
3693
3689
3680
3663
3659
3656
3656
3651
3648
3645
3642
3639
3637
3633
3632
3626
3614
3606
3599
3599
3594
3588
3586
3585
3582
3577
3564
3561
3561
3553
3552
3546
3545
3525
3517
3516
3514
3514
3512
3512
3502
3492
3489
3488
3477
3473
3473
3464
3460
3460
3448
3448
3444
3443
3439
3439
3438
3437
3437
3431
3427
3427
3422
3420
3419
3413
3413
3410
3405
3404
3403
3395
3394
3393
3387
3382
3381
3381
3359
3358
3352
3350
3344
3342
3334
3322
3318
3317
3308
3308
3303
3303
3302
3297
3296
3291
3290
3289
3283
3282
3281
3280
3277
3276
3275
3268
3268
3267
3267
3264
3263
3252
3252
3251
3249
3249
3248
3245
3243
3242
3241
3238
3238
3236
3235
3235
3234
3228
3222
3222
3218
3217
3215
3214
3206
3206
3200
3198
3197
3197
3196
3195
3187
3186
3179
3167
3165
3158
3154
3153
3153
3152
3151
3151
3146
3144
3129
3128
3126
3124
3123
3119
3118
3116
3115
3115
3112
3110
3110
3108
3106
3106
3098
3098
3092
3091
3088
3087
3080
3079
3078
3077
3077
3074
3073
3070
3070
3069
3066
3066
3065
3060
3057
3057
3054
3050
3045
3040
3039
3031
3029
3029
3022
3015
3014
3013
3011
3007
3007
3005
2998
2997
2996
2995
2994
2989
2988
2983
2974
2974
2972
2971
2969
2968
2967
2964
2963
2963
2963
2961
2959
2958
2957
2953
2952
2947
2946
2945
2942
2939
2938
2937
2935
2931
2924
2923
2922
2915
2913
2912
2912
2908
2905
2903
2901
2900
2896
2895
2885
2882
2879
2873
2867
2865
2864
2858
2855
2845
2840
2838
2832
2830
2827
2824
2823
2822
2815
2814
2814
2812
2806
2806
2804
2800
2794
2790
2790
2789
2787
2780
2777
2767
2767
2765
2763
2763
2763
2756
2750
2745
2743
2736
2736
2734
2733
2731
2729
2728
2727
2723
2721
2721
2717
2716
2716
2715
2714
2710
2704
2696
2695
2692
2691
2689
2689
2688
2685
2684
2683
2677
2677
2674
2670
2668
2667
2665
2665
2663
2663
2663
2659
2658
2654
2651
2650
2649
2645
2645
2642
2640
2636
2635
2633
2626
2623
2623
2621
2620
2615
2615
2610
2609
2603
2603
2602
2599
2598
2598
2597
2597
2595
2595
2594
2591
2589
2586
2585
2584
2584
2583
2579
2573
2570
2567
2561
2560
2557
2555
2554
2549
2548
2547
2543
2542
2538
2537
2536
2533
2532
2531
2530
2528
2526
2524
2523
2523
2522
2518
2517
2516
2515
2512
2512
2510
2510
2505
2498
2489
2481
2480
2477
2474
2472
2472
2462
2460
2460
2453
2452
2452
2451
2451
2450
2450
2449
2448
2446
2446
2444
2443
2442
2437
2437
2435
2434
2432
2432
2432
2428
2427
2426
2424
2424
2423
2421
2417
2416
2411
2410
2410
2409
2407
2406
2405
2405
2401
2397
2393
2383
2381
2381
2379
2378
2378
2376
2376
2373
2373
2357
2356
2355
2355
2351
2350
2350
2348
2347
2347
2346
2346
2345
2342
2342
2341
2339
2339
2338
2337
2335
2335
2335
2334
2332
2328
2328
2326
2324
2322
2321
2320
2320
2319
2317
2317
2317
2315
2315
2314
2314
2313
2312
2309
2308
2305
2304
2303
2302
2299
2288
2287
2283
2283
2281
2281
2280
2279
2277
2276
2276
2270
2265
2262
2261
2261
2257
2256
2252
2250
2248
2247
2247
2243
2241
2240
2240
2239
2237
2237
2237
2236
2234
2234
2232
2232
2228
2228
2227
2224
2221
2219
2217
2216
2214
2214
2212
2212
2212
2211
2209
2207
2205
2204
2202
2199
2197
2197
2197
2194
2193
2193
2190
2189
2189
2187
2178
2177
2175
2170
2169
2168
2167
2163
2163
2162
2160
2159
2155
2155
2152
2149
2148
2147
2147
2146
2142
2142
2141
2141
2140
2137
2137
2136
2135
2135
2132
2132
2128
2125
2125
2119
2118
2115
2115
2115
2114
2114
2114
2112
2110
2107
2105
2102
2097
2097
2091
2087
2087
2083
2080
2079
2078
2072
2066
2064
2062
2059
2057
2056
2054
2050
2048
2047
2046
2044
2042
2042
2037
2035
2034
2032
2026
2026
2026
2024
2024
2023
2023
2021
2020
2020
2020
2019
2017
2017
2017
2015
2014
2012
2010
2008
2007
2006
2003
2002
1998
1996
1995
1994
1994
1993
1992
1991
1989
1988
1987
1986
1984
1979
1978
1975
1974
1973
1973
1972
1972
1969
1966
1965
1961
1959
1959
1955
1953
1950
1942
1939
1938
1938
1936
1935
1933
1932
1928
1928
1927
1927
1925
1925
1925
1924
1924
1923
1923
1923
1923
1920
1920
1917
1916
1913
1913
1907
1905
1905
1905
1903
1899
1899
1890
1890
1888
1884
1880
1878
1878
1877
1877
1876
1874
1872
1872
1864
1862
1858
1858
1852
1850
1850
1847
1844
1844
1838
1838
1835
1835
1829
1828
1825
1825
1823
1821
1820
1819
1817
1813
1811
1811
1810
1806
1805
1805
1804
1803
1803
1801
1801
1801
1800
1798
1798
1798
1796
1796
1794
1792
1792
1792
1791
1791
1790
1789
1789
1786
1782
1781
1781
1781
1780
1777
1775
1774
1772
1772
1771
1771
1769
1765
1763
1763
1760
1760
1750
1748
1744
1742
1741
1740
1740
1739
1739
1737
1737
1737
1736
1735
1733
1733
1729
1728
1728
1725
1725
1722
1715
1708
1708
1707
1706
1704
1704
1703
1702
1702
1700
1699
1694
1693
1692
1691
1690
1689
1689
1686
1685
1685
1681
1678
1674
1673
1671
1669
1668
1667
1667
1667
1664
1659
1658
1657
1655
1654
1653
1649
1648
1647
1646
1645
1643
1643
1642
1642
1642
1642
1641
1640
1639
1636
1636
1636
1636
1634
1634
1633
1630
1628
1626
1623
1622
1619
1618
1618
1613
1610
1610
1610
1609
1607
1606
1606
1605
1604
1604
1600
1600
1600
1598
1594
1593
1592
1592
1591
1590
1590
1590
1589
1588
1587
1586
1584
1583
1583
1581
1577
1577
1575
1573
1572
1570
1567
1567
1566
1566
1565
1564
1564
1558
1558
1556
1556
1555
1554
1552
1549
1548
1547
1545
1544
1540
1538
1533
1531
1529
1527
1527
1517
1516
1514
1514
1513
1512
1511
1509
1509
1506
1503
1502
1502
1500
1499
1498
1498
1498
1498
1492
1492
1491
1490
1488
1483
1482
1479
1476
1476
1472
1472
1469
1467
1467
1466
1464
1463
1463
1462
1462
1461
1460
1460
1459
1458
1456
1456
1455
1454
1452
1452
1448
1447
1446
1446
1446
1445
1445
1444
1443
1442
1440
1438
1437
1437
1436
1435
1435
1434
1434
1432
1431
1430
1430
1429
1428
1427
1427
1427
1426
1426
1425
1424
1423
1423
1422
1421
1421
1419
1419
1419
1418
1418
1418
1417
1417
1416
1415
1415
1413
1412
1412
1411
1411
1411
1410
1408
1408
1407
1403
1403
1402
1402
1401
1400
1398
1397
1395
1394
1392
1391
1391
1390
1389
1386
1386
1386
1385
1384
1383
1383
1383
1383
1382
1381
1379
1375
1375
1375
1374
1372
1372
1372
1370
1369
1369
1368
1366
1365
1362
1362
1360
1360
1358
1357
1355
1353
1353
1353
1352
1351
1351
1350
1348
1348
1347
1347
1345
1344
1343
1343
1340
1337
1337
1335
1335
1334
1333
1332
1332
1328
1327
1327
1327
1326
1325
1324
1323
1323
1322
1322
1321
1318
1316
1315
1314
1313
1312
1311
1311
1310
1309
1309
1306
1306
1303
1302
1302
1301
1298
1297
1297
1297
1296
1294
1292
1292
1291
1290
1289
1289
1286
1285
1285
1285
1285
1284
1284
1283
1279
1277
1276
1275
1275
1273
1271
1269
1269
1269
1268
1266
1265
1262
1260
1260
1260
1260
1258
1258
1255
1255
1254
1254
1253
1253
1253
1252
1252
1252
1249
1248
1248
1246
1246
1246
1245
1242
1242
1242
1241
1241
1240
1239
1239
1237
1236
1236
1235
1233
1233
1231
1229
1228
1227
1227
1226
1226
1225
1224
1223
1221
1220
1218
1214
1214
1213
1213
1212
1211
1209
1209
1208
1206
1206
1201
1201
1201
1200
1199
1198
1197
1196
1195
1195
1194
1194
1193
1191
1189
1189
1188
1187
1187
1184
1184
1183
1182
1182
1182
1181
1181
1178
1178
1177
1177
1176
1176
1175
1174
1173
1173
1170
1170
1168
1168
1168
1168
1167
1166
1165
1165
1164
1164
1164
1164
1163
1162
1161
1160
1160
1157
1157
1156
1156
1155
1154
1152
1151
1141
1141
1141
1140
1140
1139
1138
1138
1138
1138
1137
1137
1136
1136
1136
1133
1131
1130
1130
1129
1128
1128
1127
1126
1125
1125
1125
1124
1124
1124
1122
1121
1121
1121
1120
1120
1117
1115
1115
1114
1110
1110
1110
1109
1109
1109
1108
1108
1107
1107
1105
1104
1104
1102
1102
1101
1101
1101
1100
1100
1098
1097
1097
1097
1097
1095
1093
1092
1092
1092
1092
1092
1091
1090
1089
1089
1088
1087
1086
1085
1083
1081
1081
1079
1079
1078
1077
1075
1075
1074
1074
1073
1070
1068
1067
1066
1065
1065
1062
1061
1057
1056
1056
1055
1055
1055
1055
1054
1053
1052
1051
1051
1050
1048
1047
1046
1044
1044
1042
1041
1040
1040
1039
1038
1038
1037
1034
1034
1032
1032
1031
1029
1028
1028
1028
1028
1027
1027
1026
1025
1025
1024
1024
1024
1024
1023
1023
1022
1022
1022
1021
1020
1019
1019
1019
1019
1017
1014
1014
1014
1012
1011
1011
1011
1009
1009
1009
1008
1008
1008
1007
1007
1006
1005
1004
1004
1004
1003
1002
1001
1000
1000
1000
1000
999
999
998
997
997
997
996
996
996
995
994
993
993
992
991
990
990
989
989
988
986
986
986
985
984
983
981
981
981
979
979
978
978
977
977
976
976
975
975
975
972
972
972
971
971
971
970
969
968
968
967
966
966
966
965
964
964
963
962
962
960
959
959
959
957
956
956
955
954
954
953
952
951
950
949
949
947
947
946
946
945
945
944
944
943
943
943
943
943
942
941
940
940
940
939
939
938
937
937
935
935
935
934
933
932
932
930
930
930
929
928
927
926
926
924
924
923
922
921
921
921
921
920
919
917
914
914
913
912
912
912
910
909
909
909
908
907
907
907
906
905
905
905
904
903
903
902
901
900
899
898
897
897
897
896
896
895
895
895
895
893
892
891
891
890
889
887
887
885
885
884
884
884
884
884
882
882
882
882
882
881
880
880
880
880
879
875
875
873
872
870
869
869
868
867
866
866
866
865
865
864
864
863
861
861
860
860
860
860
859
858
857
856
855
855
855
855
853
853
852
852
851
851
850
849
849
849
849
849
848
847
845
845
844
843
842
841
841
840
840
839
839
837
836
836
836
836
835
834
833
832
832
832
832
830
830
829
829
827
826
824
824
823
822
822
821
819
817
817
817
817
816
815
815
812
811
811
810
809
809
809
807
807
807
806
805
805
802
802
802
801
801
800
800
799
799
797
797
796
793
792
792
792
792
791
790
790
789
789
789
789
789
789
787
787
786
786
786
786
785
785
785
784
784
784
783
783
783
783
782
782
782
781
781
781
781
780
780
780
778
777
774
773
773
772
772
770
770
770
770
769
768
768
768
768
767
767
766
766
765
764
764
764
760
760
760
760
759
759
758
757
756
756
756
756
755
755
754
754
754
752
752
751
751
749
749
749
749
748
748
746
746
746
745
745
745
745
745
744
744
743
743
742
742
742
741
741
740
740
740
739
739
738
738
737
737
736
736
736
736
735
734
734
733
733
733
733
732
732
732
731
730
730
729
729
728
728
727
727
727
726
725
725
725
723
722
722
722
719
719
719
719
718
718
717
717
714
714
713
712
712
712
711
710
710
710
710
709
709
709
709
708
708
707
707
707
706
706
706
705
704
704
704
703
703
703
701
701
701
701
700
698
697
697
697
697
696
696
696
696
696
694
694
694
694
693
693
693
692
692
690
690
689
689
689
687
687
687
686
686
686
686
685
685
684
683
682
682
681
681
679
679
678
678
675
675
674
674
674
674
673
672
671
670
668
668
667
667
666
666
665
664
664
664
664
664
663
662
662
661
661
661
660
659
659
659
659
659
658
657
657
656
656
655
655
655
654
654
654
653
653
653
652
652
652
652
652
651
651
651
651
650
649
649
648
648
646
645
645
644
644
643
643
643
642
642
641
641
641
640
640
638
638
637
637
636
636
634
634
633
632
632
631
630
630
630
629
629
629
628
628
628
628
627
626
625
625
625
624
624
624
623
620
619
618
618
617
617
616
615
614
614
614
614
614
612
612
611
611
611
609
609
609
609
608
607
607
606
605
604
604
604
603
602
602
601
601
601
601
599
599
599
599
599
599
598
597
597
596
595
595
595
595
595
594
594
594
594
594
593
591
590
590
590
590
590
590
588
588
587
585
585
585
585
584
584
584
584
584
583
583
582
582
582
582
581
581
581
580
580
580
579
579
579
579
578
578
578
578
577
577
577
576
576
576
575
575
574
574
574
574
574
574
573
573
571
571
570
570
569
568
568
568
568
568
566
566
565
564
564
561
561
560
560
560
560
559
559
558
558
556
556
556
555
554
554
552
552
552
550
550
550
549
549
548
548
547
546
546
546
546
546
546
545
545
544
544
544
544
544
543
543
543
543
543
542
542
541
541
541
541
540
540
540
540
539
538
538
537
537
537
536
536
536
535
535
534
533
533
532
532
532
531
531
529
529
529
529
527
526
525
525
525
524
524
524
523
523
523
522
522
521
521
521
521
521
520
519
517
516
516
516
516
514
514
513
513
513
512
512
512
512
510
510
510
508
508
507
505
505
505
505
504
504
504
503
500
499
498
498
496
496
495
495
494
494
493
493
493
492
492
491
491
490
489
489
489
488
488
488
487
487
487
487
486
486
485
485
485
485
484
484
484
483
483
483
482
482
481
480
480
480
478
478
478
477
477
476
476
476
476
476
476
475
475
475
473
473
472
471
471
471
471
471
470
470
469
469
469
469
468
468
467
466
466
465
464
464
463
463
463
463
462
462
462
462
461
461
460
459
458
458
458
457
457
457
457
457
454
453
453
453
453
451
450
449
449
448
446
446
446
445
445
445
444
444
444
444
443
443
442
441
440
440
439
438
437
436
436
435
435
435
435
434
434
434
433
433
433
432
432
432
432
432
432
431
431
431
431
431
430
430
430
430
429
428
428
427
427
427
426
426
426
426
426
425
425
424
423
423
423
422
422
421
420
420
420
419
418
418
416
415
415
414
414
414
414
413
413
413
413
413
412
412
410
410
410
410
409
408
408
408
408
407
406
406
405
405
405
404
402
401
400
400
400
400
400
398
398
398
397
397
397
397
397
395
395
395
395
394
392
391
390
390
390
390
389
389
388
388
388
388
388
387
387
386
385
385
385
385
385
385
384
383
383
383
383
382
382
382
381
381
381
380
380
380
380
380
380
379
378
378
378
377
376
376
375
375
375
374
373
372
372
372
371
371
371
370
370
370
370
369
368
368
368
367
365
365
365
365
364
364
364
363
363
362
362
361
360
360
359
359
359
358
358
357
357
357
357
356
355
354
354
354
353
353
352
352
352
351
351
350
350
349
349
349
349
348
348
348
347
347
346
346
346
346
346
345
345
345
345
344
344
343
342
342
342
342
342
342
341
341
340
340
338
338
338
337
337
337
337
336
336
336
335
335
335
335
335
335
334
333
333
332
332
332
332
331
331
330
329
328
328
327
326
325
325
324
324
324
323
322
322
320
320
320
319
319
318
318
317
317
316
316
316
316
316
316
315
315
315
314
314
314
313
313
313
313
312
312
311
311
311
311
311
311
311
310
310
310
310
309
309
309
307
307
307
306
306
306
305
305
305
304
304
303
303
303
303
302
302
301
301
301
300
299
298
297
297
297
297
296
296
296
294
293
293
293
293
292
292
292
292
291
290
289
289
289
289
289
288
286
286
285
284
284
282
282
281
280